mods/heroes.stormmod/base.stormassets/assets/units/mercs/storm_merc_arenagarden_golem/storm_merc_arenagarden_golem.m3	e3781c19749ef38cd8dd3f043eba7310	1511200
mods/heroes.stormmod/base.stormassets/assets/units/mercs/storm_merc_escbrxbrawl_boss_death/storm_merc_escbrxbrawl_boss_death.m3	1c0d2d8c127c853a359240f0a3728031	1112208
mods/heroes.stormmod/base.stormassets/assets/units/mercs/storm_merc_hvh2_defender/storm_merc_hvh2_defender_00.m3	6fa417705e635e84b4b5969242a0270e	226688
mods/heroes.stormmod/base.stormassets/assets/units/mercs/storm_merc_hvh2_defender/storm_merc_hvh2_defender_01.m3	b5d92cf14022b467645170951c1dcef5	235040
mods/heroes.stormmod/base.stormassets/assets/units/mercs/storm_merc_hvh2_defender/storm_merc_hvh2_defender_02.m3	ceb302c3ee4a2127b6db4a88073f7713	223744
mods/heroes.stormmod/base.stormassets/assets/units/mercs/storm_merc_hvh2_defender/storm_merc_hvh2_defender_03.m3	d96efd7e6b59d4bb4a3d628ab34bc5fc	215232
mods/heroes.stormmod/base.stormassets/assets/units/mercs/storm_merc_hvh2_defender/storm_merc_hvh2_defender_04.m3	aac0239043b784fbc202c818bc7b66e5	205728
mods/heroes.stormmod/base.stormassets/assets/units/mercs/storm_merc_hvh2_defender/storm_merc_hvh2_defender_05.m3	246ff8c11b7c6829e3de82097678b007	214080
mods/heroes.stormmod/base.stormassets/assets/units/mercs/storm_merc_hvh2_defender_00_death/storm_merc_hvh2_defender_00_death.m3	063ccdf14463b717139dc942da49e43d	366528
mods/heroes.stormmod/base.stormassets/assets/units/mercs/storm_merc_hvh2_defender_01_death/storm_merc_hvh2_defender_01_death.m3	4281602e1d18e8cf47524325f4125ad8	346912
mods/heroes.stormmod/base.stormassets/assets/units/mercs/storm_merc_hvh2_defender_02_death/storm_merc_hvh2_defender_02_death.m3	f5fac21190e6c2e797df11815ce562ad	338032
mods/heroes.stormmod/base.stormassets/assets/units/mercs/storm_merc_hvh2_defender_03_death/storm_merc_hvh2_defender_03_death.m3	76935c638c7298b928e999875d0913e3	277712
mods/heroes.stormmod/base.stormassets/assets/units/mercs/storm_merc_hvh2_defender_04_death/storm_merc_hvh2_defender_04_death.m3	75c1097a58c96c5cfc7df54ed1f2a37f	288416
mods/heroes.stormmod/base.stormassets/assets/units/mercs/storm_merc_hvh2_defender_05_death/storm_merc_hvh2_defender_05_death.m3	1b679cbf3720f5d5f837926a7dfd40b3	318304
mods/heroes.stormmod/base.stormassets/assets/units/mercs/storm_merc_hvh2_defender_requiredanims/storm_merc_hvh2_defender_requiredanims.m3a	b54f5c14b189900f344a5447795c391c	284880
mods/heroes.stormmod/base.stormassets/assets/units/mercs/storm_merc_hvh2_punisher_arcane/storm_merc_hvh2_punisher_arcane.m3	c9eaadd3855a4143cf4a9e5e29b811dc	690128
mods/heroes.stormmod/base.stormassets/assets/units/mercs/storm_merc_hvh2_punisher_arcane_death/storm_merc_hvh2_punisher_arcane_death.m3	fb17b5eceedb6198013b20d1a359be75	1680976
mods/heroes.stormmod/base.stormassets/assets/units/mercs/storm_merc_hvh2_punisher_frozen/storm_merc_hvh2_punisher_frozen.m3	5968aee4175af6e95215fec898ee9c02	605456
mods/heroes.stormmod/base.stormassets/assets/units/mercs/storm_merc_hvh2_punisher_frozen_death/storm_merc_hvh2_punisher_frozen_death.m3	00b2391d1910600f080c69915d5c137f	1384144
mods/heroes.stormmod/base.stormassets/assets/units/mercs/storm_merc_hvh2_punisher_mortar/storm_merc_hvh2_punisher_mortar.m3	33f4992a29235b924925fd3651142bb8	659472
mods/heroes.stormmod/base.stormassets/assets/units/mercs/storm_merc_hvh2_punisher_mortar_death/storm_merc_hvh2_punisher_mortar_death.m3	9adc59a06e8ef2e98ced70d4fb90acec	1352128
mods/heroes.stormmod/base.stormassets/assets/units/mercs/storm_merc_hvh2_punisher_requiredanims/storm_merc_hvh2_punisher_requiredanims.m3a	14919f3b23195fd805771fec2c1cb6d6	2409696
mods/heroes.stormmod/base.stormassets/assets/units/mercs/storm_merc_hvh_boss_heaven/storm_merc_hvh_boss_heaven.m3	98a7053baee357b59142ef2971174f5a	936224
mods/heroes.stormmod/base.stormassets/assets/units/mercs/storm_merc_hvh_boss_heaven_cutsceneanims/storm_merc_hvh_boss_heaven_cutsceneanims.m3a	99d1e819be8ccdff7671e95eff0b61bd	180320
mods/heroes.stormmod/base.stormassets/assets/units/mercs/storm_merc_hvh_boss_heaven_death/storm_merc_hvh_boss_heaven_death.m3	53331b83da90842fd897e6ca13b2ccbc	796032
mods/heroes.stormmod/base.stormassets/assets/units/mercs/storm_merc_hvh_boss_heaven_expensive/storm_merc_hvh_boss_heaven_expensive.m3	43105b610a44ed30f1d85eab1a95674b	766400
mods/heroes.stormmod/base.stormassets/assets/units/mercs/storm_merc_hvh_boss_heaven_requiredanims/storm_merc_hvh_boss_heaven_requiredanims.m3a	dc4084b1ed347bd62c5ff3b55b9422d8	2057152
mods/heroes.stormmod/base.stormassets/assets/units/mercs/storm_merc_hvh_boss_hell/storm_merc_hvh_boss_hell.m3	41bf8cf9c85a7fc4e774f53ea5a8c6cb	715024
mods/heroes.stormmod/base.stormassets/assets/units/mercs/storm_merc_hvh_boss_hell_cutsceneanims/storm_merc_hvh_boss_hell_cutsceneanims.m3a	a1ff4704eeee25af8ccdebe40d6db41b	183552
mods/heroes.stormmod/base.stormassets/assets/units/mercs/storm_merc_hvh_boss_hell_death/storm_merc_hvh_boss_hell_death.m3	202826fe134a7a3a866a81839c362d62	662768
mods/heroes.stormmod/base.stormassets/assets/units/mercs/storm_merc_hvh_boss_hell_expensive/storm_merc_hvh_boss_hell_expensive.m3	5ab9f815a1a5ce3830c6a74fd637e458	762160
mods/heroes.stormmod/base.stormassets/assets/units/mercs/storm_merc_hvh_boss_hell_requiredanims/storm_merc_hvh_boss_hell_requiredanims.m3a	e254f87cc880834b7151807dee09f973	1698480
mods/heroes.stormmod/base.stormassets/assets/units/mercs/storm_merc_hvh_siegetrooper/storm_merc_hvh_siegetrooper.m3	5649e5d8e3018b046eb354669cb3f858	423984
mods/heroes.stormmod/base.stormassets/assets/units/mercs/storm_merc_hvh_siegetrooper_death/storm_merc_hvh_siegetrooper_death.m3	6ba0c04e959443e6b6531db435b10541	707968
mods/heroes.stormmod/base.stormassets/assets/units/mercs/storm_merc_hvh_siegetrooper_requiredanims/storm_merc_hvh_siegetrooper_requiredanims.m3a	f5b092cbad812b6d5ec470f02cca54db	1415664
mods/heroes.stormmod/base.stormassets/assets/units/mercs/storm_merc_hvh_thugpet_a/storm_merc_hvh_thugpet_a.m3	4790972e636b7571bdf93ec2641d561d	202016
mods/heroes.stormmod/base.stormassets/assets/units/mercs/storm_merc_hvh_thugpet_b/storm_merc_hvh_thugpet_b.m3	ed09ff105996c4b700e7de64113df3fa	192496
mods/heroes.stormmod/base.stormassets/assets/units/mercs/storm_merc_hvh_thugpet_c/storm_merc_hvh_thugpet_c.m3	ab260a4235bf444eccd1d4fa83b1c988	209552
mods/heroes.stormmod/base.stormassets/assets/units/mercs/storm_merc_hvh_thugpet_death/storm_merc_hvh_thugpet_death.m3	d4e7b6f84eed9f031628c7f05c549caf	365360
mods/heroes.stormmod/base.stormassets/assets/units/mercs/storm_merc_hvh_thugpet_requiredanims/storm_merc_hvh_thugpet_requiredanims.m3a	f025b4bc0b889fca57a8fa198a6419fa	866928
mods/heroes.stormmod/base.stormassets/assets/units/mercs/storm_merc_hvh_thugsummoner/storm_merc_hvh_thugsummoner.m3	2787a6c25ee6bf0f4ce19bd8bb2d4ff8	276896
mods/heroes.stormmod/base.stormassets/assets/units/mercs/storm_merc_hvh_thugsummoner_death/storm_merc_hvh_thugsummoner_death.m3	93f9c8d1e73b2f6890a5e2ebcf108555	502864
mods/heroes.stormmod/base.stormassets/assets/units/mercs/storm_merc_hvh_thugsummoner_requiredanims/storm_merc_hvh_thugsummoner_requiredanims.m3a	1578c7b879db6acc408a188fb1f69016	880256
mods/heroes.stormmod/base.stormassets/assets/units/mercs/storm_merc_hvh_treasuregoblin/storm_merc_hvh_treasuregoblin.m3	0bbb849afc31875aae85ebff5f5b16c6	420032
mods/heroes.stormmod/base.stormassets/assets/units/mercs/storm_merc_hvh_treasuregoblin_death/storm_merc_hvh_treasuregoblin_death.m3	fffa80936b8dc05562270fdfe501b98e	1027856
mods/heroes.stormmod/base.stormassets/assets/units/mercs/storm_merc_hvh_treasuregoblin_portal/storm_merc_hvh_treasuregoblin_portal.m3	485e1d2328534cc6a186ab18d0cdd358	925120
mods/heroes.stormmod/base.stormassets/assets/units/mercs/storm_merc_hvh_treasuregoblin_requiredanims/storm_merc_hvh_treasuregoblin_requiredanims.m3a	581904a023fc1ebe61427ca1afd4d814	541120
mods/heroes.stormmod/base.stormassets/assets/units/mercs/storm_merc_kingscrest_docks_gravegolem/storm_merc_kingscrest_docks_gravegolem.m3	146a244eaa5cba5da456e7f3e3ab3295	873312
mods/heroes.stormmod/base.stormassets/assets/units/mercs/storm_merc_kingscrest_docks_gravegolem_death/storm_merc_kingscrest_docks_gravegolem_death.m3	fb3f74ff5619e7a1fce7cd8f9bb24752	1287856
mods/heroes.stormmod/base.stormassets/assets/units/mercs/storm_merc_kingscrest_dragonknight/storm_merc_kingscrest_dragonknight.m3	e8614316b47e95b46f4cc29708c443e1	2912928
mods/heroes.stormmod/base.stormassets/assets/units/mercs/storm_merc_kingscrest_dragonknight_death/storm_merc_kingscrest_dragonknight_death.m3	a84522818fb6798e647cf8fc826fe084	1597968
mods/heroes.stormmod/base.stormassets/assets/units/mercs/storm_merc_kingscrest_dragonknight_statue/storm_merc_kingscrest_dragonknight_statue.m3	d7f0f815f815e368b7cf1be99d79e012	762752
mods/heroes.stormmod/base.stormassets/assets/units/mercs/storm_merc_kingscrest_flowermelee/storm_merc_kingscrest_flowermelee.m3	875fe1f4ce7374a9749cc6c9dc993be9	787248
mods/heroes.stormmod/base.stormassets/assets/units/mercs/storm_merc_kingscrest_flowermelee_death/storm_merc_kingscrest_flowermelee_death.m3	5212271e74419ba12b6da3dbf5c46d9f	605936
mods/heroes.stormmod/base.stormassets/assets/units/mercs/storm_merc_kingscrest_flowerranged/storm_merc_kingscrest_flowerranged.m3	9d24af1f71477f99b5dd7bb274403427	850368
mods/heroes.stormmod/base.stormassets/assets/units/mercs/storm_merc_kingscrest_flowerranged_death/storm_merc_kingscrest_flowerranged_death.m3	231a901aac546785d7f52b1058ba5780	568624
mods/heroes.stormmod/base.stormassets/assets/units/mercs/storm_merc_kingscrest_gravegolem_base/storm_merc_kingscrest_gravegolem_base.m3	0aadad066606355addfae18675a2f13f	750768
mods/heroes.stormmod/base.stormassets/assets/units/mercs/storm_merc_kingscrest_gravegolem_base_dead/storm_merc_kingscrest_gravegolem_base_dead.m3	5f03b649caffacc33820a3ebd250b0f4	443184
mods/heroes.stormmod/base.stormassets/assets/units/mercs/storm_merc_kingscrest_gravegolem_death/storm_merc_kingscrest_gravegolem_death.m3	6aafff0253d8005ebd77efb70372ca70	1674544
mods/heroes.stormmod/base.stormassets/assets/units/mercs/storm_merc_kingscrest_gravegolem_garden/storm_merc_kingscrest_gravegolem_garden.m3	7551c5ea862410ab0b881bebd634506e	2355568
mods/heroes.stormmod/base.stormassets/assets/units/mercs/storm_merc_kingscrest_gravegolem_garden_death/storm_merc_kingscrest_gravegolem_garden_death.m3	c00db3393198c5fcd71d01c3751a4827	968704
mods/heroes.stormmod/base.stormassets/assets/units/mercs/storm_merc_kingscrest_gravegolem_horror/storm_merc_kingscrest_gravegolem_horror.m3	94837857bc6b11651d3e6f65e60ed20f	1836192
mods/heroes.stormmod/base.stormassets/assets/units/mercs/storm_merc_kingscrest_gravegolem_horror_death/storm_merc_kingscrest_gravegolem_horror_death.m3	ce255176a54d2088f1946fce00641f56	1031952
mods/heroes.stormmod/base.stormassets/assets/units/mercs/storm_merc_kingscrest_gravegolem_mines/storm_merc_kingscrest_gravegolem_mines.m3	ef15b73aa296869c67f6195c51b71211	931440
mods/heroes.stormmod/base.stormassets/assets/units/mercs/storm_merc_kingscrest_gravegolem_mines_death/storm_merc_kingscrest_gravegolem_mines_death.m3	6f00234be5d3e3a1c61be3960b895992	1723136
mods/heroes.stormmod/base.stormassets/assets/units/mercs/storm_merc_kingscrest_gravegolem_requiredanims/storm_merc_kingscrest_gravegolem_requiredanims.m3a	c17a17aeeecaab109f74f06aaee7f0c4	1228624
mods/heroes.stormmod/base.stormassets/assets/units/mercs/storm_merc_kingscrest_gravegolemspawnling_garden_ranged/storm_merc_kingscrest_gravegolemspawnling_garden_ranged.m3	2e9b7eb83565ddbde07b77b4c60e0719	519568
mods/heroes.stormmod/base.stormassets/assets/units/mercs/storm_merc_kingscrest_knight_black/storm_merc_kingscrest_knight_black.m3	8cc495f4c2b0d1d389a326d0ae8a63b1	369328
mods/heroes.stormmod/base.stormassets/assets/units/mercs/storm_merc_kingscrest_knight_black_birth/storm_merc_kingscrest_knight_black_birth.m3	681cefa9702a6b679acc9e7ca68e1483	499728
mods/heroes.stormmod/base.stormassets/assets/units/mercs/storm_merc_kingscrest_knight_black_death/storm_merc_kingscrest_knight_black_death.m3	2bf9b7ddfd7b5d61cfcedff650ed3e19	501168
mods/heroes.stormmod/base.stormassets/assets/units/mercs/storm_merc_kingscrest_knight_dock/storm_merc_kingscrest_knight_dock.m3	7600e84ccc50809735f4abe94ba1d288	397712
mods/heroes.stormmod/base.stormassets/assets/units/mercs/storm_merc_kingscrest_knight_dock_birth/storm_merc_kingscrest_knight_dock_birth.m3	1d9f6b488027edd172adabe26ff9b1c2	511648
mods/heroes.stormmod/base.stormassets/assets/units/mercs/storm_merc_kingscrest_knight_dock_death/storm_merc_kingscrest_knight_dock_death.m3	f7c34bd25dbee7335c37d9aff84b9cd4	505184
mods/heroes.stormmod/base.stormassets/assets/units/mercs/storm_merc_kingscrest_knight_requiredanims/storm_merc_kingscrest_knight_requiredanims.m3a	2fa2fd23843b7a3026dfed0e358744f6	1000432
mods/heroes.stormmod/base.stormassets/assets/units/mercs/storm_merc_kingscrest_knight_white/storm_merc_kingscrest_knight_white.m3	a8d21d67905bed3dd58d6f6d75c89cd3	399488
mods/heroes.stormmod/base.stormassets/assets/units/mercs/storm_merc_kingscrest_knight_white_birth/storm_merc_kingscrest_knight_white_birth.m3	fa5713914ee6ad3793326240333ab512	500048
mods/heroes.stormmod/base.stormassets/assets/units/mercs/storm_merc_kingscrest_knight_white_death/storm_merc_kingscrest_knight_white_death.m3	658e5fbb64258742fa98eac3a4540033	499312
mods/heroes.stormmod/base.stormassets/assets/units/mercs/storm_merc_kingscrest_knightwizard_black/storm_merc_kingscrest_knightwizard_black.m3	e24bbf874bda95f1bdebe32dbce96b77	226176
mods/heroes.stormmod/base.stormassets/assets/units/mercs/storm_merc_kingscrest_knightwizard_black_birth/storm_merc_kingscrest_knightwizard_black_birth.m3	c3f67cd1df552fc5f610fa224ed258d2	313488
mods/heroes.stormmod/base.stormassets/assets/units/mercs/storm_merc_kingscrest_knightwizard_black_death/storm_merc_kingscrest_knightwizard_black_death.m3	723fb7b8572c6252e69db579a8d73c8e	347600
mods/heroes.stormmod/base.stormassets/assets/units/mercs/storm_merc_kingscrest_knightwizard_dock/storm_merc_kingscrest_knightwizard_dock.m3	e780ae69e3b4ca9b61bca0bb8977d076	226272
mods/heroes.stormmod/base.stormassets/assets/units/mercs/storm_merc_kingscrest_knightwizard_dock_birth/storm_merc_kingscrest_knightwizard_dock_birth.m3	2876b99b07cbfc86853e9791290c6f0f	327504
mods/heroes.stormmod/base.stormassets/assets/units/mercs/storm_merc_kingscrest_knightwizard_dock_death/storm_merc_kingscrest_knightwizard_dock_death.m3	969ecf7b748440f842a03dbdf811415c	345616
mods/heroes.stormmod/base.stormassets/assets/units/mercs/storm_merc_kingscrest_knightwizard_requiredanims/storm_merc_kingscrest_knightwizard_requiredanims.m3a	435ea315bec6a5aea9ffa6565426807f	445120
mods/heroes.stormmod/base.stormassets/assets/units/mercs/storm_merc_kingscrest_knightwizard_white/storm_merc_kingscrest_knightwizard_white.m3	29807370c4fe220e891bfff26d8a39cf	216080
mods/heroes.stormmod/base.stormassets/assets/units/mercs/storm_merc_kingscrest_knightwizard_white_birth/storm_merc_kingscrest_knightwizard_white_birth.m3	b4f6e8ace7e4796e8133e9dca7ad6530	300272
mods/heroes.stormmod/base.stormassets/assets/units/mercs/storm_merc_kingscrest_knightwizard_white_death/storm_merc_kingscrest_knightwizard_white_death.m3	5349679d2d8ed6606c5f30d11b99865a	337952
mods/heroes.stormmod/base.stormassets/assets/units/mercs/storm_merc_kingscrest_siegegiant_base/storm_merc_kingscrest_siegegiant_base.m3	389b3663699864616410cf0d4cdfc760	341024
mods/heroes.stormmod/base.stormassets/assets/units/mercs/storm_merc_kingscrest_siegegiant_base_stone_death/storm_merc_kingscrest_siegegiant_base_stone_death.m3	cfced6fec1c2fdcc6fb987582e7ba445	1035264
mods/heroes.stormmod/base.stormassets/assets/units/mercs/storm_merc_kingscrest_siegegiant_knight/storm_merc_kingscrest_siegegiant_knight_00.m3	93eed3b44391a4e5c95709baf6d0dcd2	663920
mods/heroes.stormmod/base.stormassets/assets/units/mercs/storm_merc_kingscrest_siegegiant_knight/storm_merc_kingscrest_siegegiant_knight_01.m3	83d5468b7dbc1c004dd3ab709af35e2d	665808
mods/heroes.stormmod/base.stormassets/assets/units/mercs/storm_merc_kingscrest_siegegiant_knight/storm_merc_kingscrest_siegegiant_knight_02.m3	b2aa5815e4ac43c8cd6d8512769fe860	745728
mods/heroes.stormmod/base.stormassets/assets/units/mercs/storm_merc_kingscrest_siegegiant_knight_stone_death/storm_merc_kingscrest_siegegiant_knight_stone_death_00.m3	c07bc5b2d971e6f31add029849f87348	1236144
mods/heroes.stormmod/base.stormassets/assets/units/mercs/storm_merc_kingscrest_siegegiant_knight_stone_death/storm_merc_kingscrest_siegegiant_knight_stone_death_01.m3	3b01701f81219eda02894c4586479a8e	1238928
mods/heroes.stormmod/base.stormassets/assets/units/mercs/storm_merc_kingscrest_siegegiant_knight_stone_death/storm_merc_kingscrest_siegegiant_knight_stone_death_02.m3	28d3d6518a09162a07fb3028a79c5687	1319440
mods/heroes.stormmod/base.stormassets/assets/units/mercs/storm_merc_kingscrest_siegegiant_pirate/storm_merc_kingscrest_siegegiant_pirate.m3	cf7c11bbe9bb2cdb95db4777db1632fc	3123216
mods/heroes.stormmod/base.stormassets/assets/units/mercs/storm_merc_kingscrest_siegegiant_pirate_stone_death/storm_merc_kingscrest_siegegiant_pirate_stone_death.m3	f6ec68f5d4bfe0562aac7a7acc02004b	1122096
mods/heroes.stormmod/base.stormassets/assets/units/mercs/storm_merc_kingscrest_siegegiant_requiredanims/storm_merc_kingscrest_siegegiant_knight_requiredanims.m3a	2b31fd2a98d279af4f6b5e27557132a0	3435072
mods/heroes.stormmod/base.stormassets/assets/units/mercs/storm_merc_kingscrest_siegegiant_requiredanims/storm_merc_kingscrest_siegegiant_requiredanims.m3a	97915b7957b4377a4a547c8d534b6339	3239744
mods/heroes.stormmod/base.stormassets/assets/units/mercs/storm_merc_kingscrest_skeletoncaptain/storm_merc_kingscrest_skeletoncaptain.m3	d47741d9f02905cc2416ae5845a65a3d	1089536
mods/heroes.stormmod/base.stormassets/assets/units/mercs/storm_merc_kingscrest_skeletonminesmelee/storm_merc_kingscrest_skeletonminesmelee.m3	7fc231f1cca6658c2fe0a6c95af655a9	809440
mods/heroes.stormmod/base.stormassets/assets/units/mercs/storm_merc_kingscrest_skeletonminesmelee_deathragdoll/storm_merc_kingscrest_skeletonminesmelee_deathragdoll.m3	6f5035219c5924624ffc5a7b8d241f7c	377232
mods/heroes.stormmod/base.stormassets/assets/units/mercs/storm_merc_kingscrest_skeletonminesrange/storm_merc_kingscrest_skeletonminesrange.m3	c47a67d67631cab1b529d0280fdcb74d	844224
mods/heroes.stormmod/base.stormassets/assets/units/mercs/storm_merc_kingscrest_skeletonminesrange_deathragdoll/storm_merc_kingscrest_skeletonminesrange_deathragdoll.m3	aa62005deabd96526d5f1e9eab224503	535072
mods/heroes.stormmod/base.stormassets/assets/units/mercs/storm_merc_kingscrest_skeletonpirate/storm_merc_kingscrest_skeletonpirate.m3	e78418ada52c7b82cedff75dd8357162	749504
mods/heroes.stormmod/base.stormassets/assets/units/mercs/storm_merc_kingscrest_skeletonpirate_death/storm_merc_kingscrest_skeletonpirate_death.m3	3391e11937d04bddd82f59db7d24566c	417808
mods/heroes.stormmod/base.stormassets/assets/units/mercs/storm_merc_kingscrest_skeletonpirategun/storm_merc_kingscrest_skeletonpirategun.m3	79d261697df15dc190e69577a1296831	541456
mods/heroes.stormmod/base.stormassets/assets/units/mercs/storm_merc_kingscrest_skeletonpirategun_death/storm_merc_kingscrest_skeletonpirategun_death.m3	5a820f69f2c464396603e22481732c9f	333280
mods/heroes.stormmod/base.stormassets/assets/units/mercs/storm_merc_lunarfestival2016_rooster/storm_merc_lunarfestival2016_rooster.m3	fa34c9d339ab6089a570d4c72932c080	555408
mods/heroes.stormmod/base.stormassets/assets/units/mercs/storm_merc_lunarfestivalmonkey/storm_merc_lunarfestivalmonkey.m3	d41dd989e8d763d7fb37bf6a2664b9f7	1212128
mods/heroes.stormmod/base.stormassets/assets/units/mercs/storm_merc_luxbazaar_caster/storm_merc_luxbazaar_caster.m3	dbb70cdd9ec46e6516213f83b4d55efc	344976
mods/heroes.stormmod/base.stormassets/assets/units/mercs/storm_merc_luxbazaar_caster_death/storm_merc_luxbazaar_caster_death.m3	62242db886d754e2dc07ecdc59893eb5	744368
mods/heroes.stormmod/base.stormassets/assets/units/mercs/storm_merc_luxbazaar_defmelee_croc/storm_merc_luxbazaar_defmelee_croc.m3	a01190b74522ff23417cffb591df47a1	275712
mods/heroes.stormmod/base.stormassets/assets/units/mercs/storm_merc_luxbazaar_defmelee_croc_death/storm_merc_luxbazaar_defmelee_croc_death.m3	fc918323061355f0cf5defd3fd0dc75b	802352
mods/heroes.stormmod/base.stormassets/assets/units/mercs/storm_merc_luxbazaar_defmelee_jackal/storm_merc_luxbazaar_defmelee_jackal.m3	8917174b97f71691763b94c736c61be1	269760
mods/heroes.stormmod/base.stormassets/assets/units/mercs/storm_merc_luxbazaar_defmelee_jackal_death/storm_merc_luxbazaar_defmelee_jackal_death.m3	a28a018f2ae8eaebed91232785625863	795968
mods/heroes.stormmod/base.stormassets/assets/units/mercs/storm_merc_luxbazaar_defmelee_snake/storm_merc_luxbazaar_defmelee_snake.m3	a0ad25b0a2611b4b24e367cc63e9775e	262848
mods/heroes.stormmod/base.stormassets/assets/units/mercs/storm_merc_luxbazaar_defmelee_snake_death/storm_merc_luxbazaar_defmelee_snake_death.m3	859e02696f13d19c68e80d3159a30872	774688
mods/heroes.stormmod/base.stormassets/assets/units/mercs/storm_merc_luxbazaar_defranged_croc/storm_merc_luxbazaar_defranged_croc.m3	1a144f95f1d395ad8e54eda7e623848b	220000
mods/heroes.stormmod/base.stormassets/assets/units/mercs/storm_merc_luxbazaar_defranged_croc_death/storm_merc_luxbazaar_defranged_croc_death.m3	6d83e2dd3deda5bffcc8f9371159850a	659968
mods/heroes.stormmod/base.stormassets/assets/units/mercs/storm_merc_luxbazaar_defranged_jackal/storm_merc_luxbazaar_defranged_jackal.m3	722f6d4dafb9886a3d2289d0658deae6	214640
mods/heroes.stormmod/base.stormassets/assets/units/mercs/storm_merc_luxbazaar_defranged_jackal_death/storm_merc_luxbazaar_defranged_jackal_death.m3	9d4cad4500b9ae0daff2925fcd0756a3	646448
mods/heroes.stormmod/base.stormassets/assets/units/mercs/storm_merc_luxbazaar_defranged_snake/storm_merc_luxbazaar_defranged_snake.m3	5d1775154713b9a54c98c26c1c51731c	208336
mods/heroes.stormmod/base.stormassets/assets/units/mercs/storm_merc_luxbazaar_defranged_snake_death/storm_merc_luxbazaar_defranged_snake_death.m3	561ce57c4838e3dd13ec4f2c294f90df	628912
mods/heroes.stormmod/base.stormassets/assets/units/mercs/storm_merc_luxbazaar_melee/storm_merc_luxbazaar_melee.m3	595ae1063ce758b02f47c1eb63cadb73	299728
mods/heroes.stormmod/base.stormassets/assets/units/mercs/storm_merc_luxbazaar_melee_death/storm_merc_luxbazaar_melee_death.m3	a1d2f5e2be5509c36a148b4d3b6f156d	653376
mods/heroes.stormmod/base.stormassets/assets/units/mercs/storm_merc_luxbazaar_melee_requiredanims/storm_merc_luxbazaar_melee_requiredanims.m3a	8c79c410d2c5a4a2ced3d64cce7fb327	637376
mods/heroes.stormmod/base.stormassets/assets/units/mercs/storm_merc_luxbazaar_siegegiant_alt_death/storm_merc_luxbazaar_siegegiant_alt_death.m3	ee83f213687d54149a223cfc6cc0f00b	868464
mods/heroes.stormmod/base.stormassets/assets/units/mercs/storm_merc_luxbazaar_siegegiant_death/storm_merc_luxbazaar_siegegiant_death.m3	7f63d4a13db631464cfecfb59d67646c	864384
mods/heroes.stormmod/base.stormassets/assets/units/mercs/storm_merc_luxcrypt_caster_death/storm_merc_luxcrypt_caster_death.m3	36d7167e70002632f27f3536b8fc894c	1160384
mods/heroes.stormmod/base.stormassets/assets/units/mercs/storm_merc_luxcrypt_cryptspawn/storm_merc_luxcrypt_cryptspawn.m3	8547b189ea1f041569d409f0d99eaad0	467040
mods/heroes.stormmod/base.stormassets/assets/units/mercs/storm_merc_luxcrypt_cryptspawn_birth/storm_merc_luxcrypt_cryptspawn_birth.m3	6aced0a43a04a653dff1426acd2ff5c0	27056
mods/heroes.stormmod/base.stormassets/assets/units/mercs/storm_merc_luxcrypt_cryptspawn_death/storm_merc_luxcrypt_cryptspawn_death.m3	b3f782d6aadd89f6dcfbf0e38396082b	622400
mods/heroes.stormmod/base.stormassets/assets/units/mercs/storm_merc_luxcrypts_caster/storm_merc_luxcrypts_caster.m3	bc2e67b38a303f945e07747f26bd54af	283840
mods/heroes.stormmod/base.stormassets/assets/units/mercs/storm_merc_luxcrypts_melee/storm_merc_luxcrypts_melee.m3	6d4c6ffdfa8a88c5b2a7768ec8e37057	271664
mods/heroes.stormmod/base.stormassets/assets/units/mercs/storm_merc_luxcrypts_melee_death/storm_merc_luxcrypts_melee_death.m3	bce255a0cf08e1764243fe9378e9dc5b	1349904
mods/heroes.stormmod/base.stormassets/assets/units/mercs/storm_merc_luxcrypts_spiderboss/storm_merc_luxcrypts_spiderboss.m3	15ceb27b7e03358379c75b9983d7897a	895840
mods/heroes.stormmod/base.stormassets/assets/units/mercs/storm_merc_luxcrypts_spiderboss_birth/storm_merc_luxcrypts_spiderboss_birth.m3	b73764d8f4a9206e87840b3fd86cf897	573728
mods/heroes.stormmod/base.stormassets/assets/units/mercs/storm_merc_luxcrypts_spiderboss_death/storm_merc_luxcrypts_spiderboss_death.m3	6ccdc1f9d02f093f1bf13f44c920ee66	1274640
mods/heroes.stormmod/base.stormassets/assets/units/mercs/storm_merc_luxoria_boss_jackal/storm_merc_luxoria_boss_jackal.m3	7aed82fb9c4d6f9d876ade25ceb32af2	813120
mods/heroes.stormmod/base.stormassets/assets/units/mercs/storm_merc_luxoria_boss_jackal_birth/storm_merc_luxoria_boss_jackal_birth.m3	4556de151b39614b627789efbba2f5c6	426928
mods/heroes.stormmod/base.stormassets/assets/units/mercs/storm_merc_luxoria_boss_jackal_death/storm_merc_luxoria_boss_jackal_death.m3	cc834c9e929d9930443c636a6209dcb8	1147040
mods/heroes.stormmod/base.stormassets/assets/units/mercs/storm_merc_luxoria_boss_requiredanims/storm_merc_luxoria_boss_requiredanims.m3a	bcd3eb51491fc21dcec874095b006b41	511536
mods/heroes.stormmod/base.stormassets/assets/units/mercs/storm_merc_luxoria_boss_snake/storm_merc_luxoria_boss_snake.m3	a201222c19452fb4d67980649a19e0bb	325504
mods/heroes.stormmod/base.stormassets/assets/units/mercs/storm_merc_luxoria_boss_snake_birth/storm_merc_luxoria_boss_snake_birth.m3	7970733b196460ab501a24f84b79860e	452176
mods/heroes.stormmod/base.stormassets/assets/units/mercs/storm_merc_luxoria_boss_snake_death/storm_merc_luxoria_boss_snake_death.m3	26b0f78c2b0abc6a942455da437aa9c2	1050256
mods/heroes.stormmod/base.stormassets/assets/units/mercs/storm_merc_luxoria_caster_requiredanims/storm_merc_luxoria_caster_requiredanims.m3a	b700d800c664478a753576ead194a3af	774144
mods/heroes.stormmod/base.stormassets/assets/units/mercs/storm_merc_luxoria_defmelee_death/storm_merc_luxoria_defmelee_death.m3	0e2095b6262b147c7185d242bd49cf48	780304
mods/heroes.stormmod/base.stormassets/assets/units/mercs/storm_merc_luxoria_defmelee_requiredanims/storm_merc_luxoria_defmelee_requiredanims.m3a	bc72b6770b4ef4847cd3ed5081e04322	631312
mods/heroes.stormmod/base.stormassets/assets/units/mercs/storm_merc_luxoria_defranged_death/storm_merc_luxoria_defranged_death.m3	0bb712e6bf4c22ca598c997b5bc424ff	634544
mods/heroes.stormmod/base.stormassets/assets/units/mercs/storm_merc_luxoria_defranged_requiredanims/storm_merc_luxoria_defranged_requiredanims.m3a	3786c3c89c71d42847158c7bf5725152	499856
mods/heroes.stormmod/base.stormassets/assets/units/mercs/storm_merc_luxoria_melee_requiredanims/storm_merc_luxoria_melee_requiredanims.m3a	3502b5df00a840465552c6013e7864b3	1076144
mods/heroes.stormmod/base.stormassets/assets/units/mercs/storm_merc_owhana_boss/storm_merc_owhana_boss.m3	132ce6aa177adb2311d05e62096210ae	1647936
mods/heroes.stormmod/base.stormassets/assets/units/mercs/storm_merc_owhana_boss_death/storm_merc_owhana_boss_death.m3	3b74ffaec263e6c04e377f9a5bed32b2	1579728
mods/heroes.stormmod/base.stormassets/assets/units/mercs/storm_merc_owhana_boss_requiredanims/storm_merc_owhana_boss_requiredanims.m3a	7bfc854301a8dac792dfd3f8feb03899	1048720
mods/heroes.stormmod/base.stormassets/assets/units/mercs/storm_merc_owhana_largesamurai/storm_merc_owhana_largesamurai.m3	35fedf7cea582733bc108505b330d2df	1276896
mods/heroes.stormmod/base.stormassets/assets/units/mercs/storm_merc_owhana_largesamurai_death/storm_merc_owhana_largesamurai_death.m3	73fc3a5467c8cbd92813387e4402a528	971024
mods/heroes.stormmod/base.stormassets/assets/units/mercs/storm_merc_owhana_smallyakuza/storm_merc_owhana_smallyakuza.m3	44d9769f689aff6e75ce769f99b47e6f	859008
mods/heroes.stormmod/base.stormassets/assets/units/mercs/storm_merc_owhana_smallyakuza_death/storm_merc_owhana_smallyakuza_death.m3	df301b4476341dc9c62cf760a029db82	466368
mods/heroes.stormmod/base.stormassets/assets/units/mercs/storm_merc_owhana_turret_air/storm_merc_owhana_turret_air.m3	2cb0207a8f7d3f165b7eadca92a0f98f	299776
mods/heroes.stormmod/base.stormassets/assets/units/mercs/storm_merc_owhana_turret_air_death/storm_merc_owhana_turret_air_death.m3	1bc84479ae5463da6b448203eca14e26	308960
mods/heroes.stormmod/base.stormassets/assets/units/mercs/storm_merc_owhana_turret_air_marker/storm_merc_owhana_turret_air_marker.m3	c373f8951accb55dbe9ad29b2f27695a	187952
mods/heroes.stormmod/base.stormassets/assets/units/mercs/storm_merc_owhana_turret_ground/storm_merc_owhana_turret_ground.m3	c97cf063bb11d982fff1b7c8f2a2fe3a	726848
mods/heroes.stormmod/base.stormassets/assets/units/mercs/storm_merc_owhana_turret_ground_death/storm_merc_owhana_turret_ground_death.m3	47044ad2ca439cf4f27733516f8697ef	486752
mods/heroes.stormmod/base.stormassets/assets/units/mercs/storm_merc_owhana_turrethealer/storm_merc_owhana_turrethealer.m3	baf08c37576f340be9e4e8c2b86b188f	836464
mods/heroes.stormmod/base.stormassets/assets/units/mercs/storm_merc_owhana_turrethealer_death/storm_merc_owhana_turrethealer_death.m3	30ab33e3b2b9d85267d06d6375bcc811	543376
mods/heroes.stormmod/base.stormassets/assets/units/mercs/storm_merc_owvol_mech/storm_merc_owvol_mech.m3	dc762af5baa3d2d01449ebc812380588	650384
mods/heroes.stormmod/base.stormassets/assets/units/mercs/storm_merc_owvol_mech_death/storm_merc_owvol_mech_death.m3	3fc088ed5051154030c8e58a348aee89	371200
mods/heroes.stormmod/base.stormassets/assets/units/mercs/storm_merc_owvol_robo/storm_merc_owvol_robo.m3	0fbd032bae515c2066e4b5344a077dec	957088
mods/heroes.stormmod/base.stormassets/assets/units/mercs/storm_merc_owvol_robo_death/storm_merc_owvol_robo_death.m3	04cd29ca7faa54f536d8fdcf237a0d78	1420432
mods/heroes.stormmod/base.stormassets/assets/units/mercs/storm_merc_owvol_robo_requiredanims/storm_merc_owvol_robo_requiredanims.m3a	261d8a5633e2588508ec6aacd25acfb2	925536
mods/heroes.stormmod/base.stormassets/assets/units/mercs/storm_merc_owvol_robotvehicle/storm_merc_owvol_robotvehicle.m3	562a5b788ce57d8573cef3657793467e	1764032
mods/heroes.stormmod/base.stormassets/assets/units/mercs/storm_merc_owvol_robotvehicle_death/storm_merc_owvol_robotvehicle_death.m3	bd11f90da7fcc00f266f7309a9321059	700112
mods/heroes.stormmod/base.stormassets/assets/units/mercs/storm_merc_owvol_turret_ground/storm_merc_owvol_turret_ground.m3	be789f1caa7961faa490e659c3d2e112	705536
mods/heroes.stormmod/base.stormassets/assets/units/mercs/storm_merc_owvol_turret_ground_death/storm_merc_owvol_turret_ground_death.m3	d2fa8381f88fb9a312d0588e57448ce5	467184
mods/heroes.stormmod/base.stormassets/assets/units/mercs/storm_merc_owvol_turretmerc/storm_merc_owvol_turretmerc.m3	f77c5bed60d679b5f0ff6b76e78c2857	299136
mods/heroes.stormmod/base.stormassets/assets/units/mercs/storm_merc_owvol_turretmerc_death/storm_merc_owvol_turretmerc_death.m3	dbd1c455186d4724cf18ee8745337ef5	346256
mods/heroes.stormmod/base.stormassets/assets/units/mercs/storm_merc_owvol_turretmerc_requiredanims/storm_merc_owvol_turretmerc_requiredanims.m3a	cc6d8e5e34a36cd690d0b86a32eb70a6	511712
mods/heroes.stormmod/base.stormassets/assets/units/mercs/storm_merc_scbraxis_baneling/storm_merc_scbraxis_baneling.m3	9d811f1b5e9d55bcb49c39eaf5d4bc1d	159488
mods/heroes.stormmod/base.stormassets/assets/units/mercs/storm_merc_scbraxis_baneling_requiredanims/storm_merc_scbraxis_baneling_requiredanims.m3a	a8b90af1d1deba83696eae20cb8f7a7f	124640
mods/heroes.stormmod/base.stormassets/assets/units/mercs/storm_merc_scbraxis_goliath/storm_merc_scbraxis_goliath.m3	7dcb88e3fb9e82ab7db7556ce11becdf	215776
mods/heroes.stormmod/base.stormassets/assets/units/mercs/storm_merc_scbraxis_goliath_birth/storm_merc_scbraxis_goliath_birth.m3	657fc72668a69db2d17fe616048eb6bd	604768
mods/heroes.stormmod/base.stormassets/assets/units/mercs/storm_merc_scbraxis_goliath_death/storm_merc_scbraxis_goliath_death.m3	c3a59bb79a38c9733b7c32dd5b779953	363312
mods/heroes.stormmod/base.stormassets/assets/units/mercs/storm_merc_scbraxis_goliath_infested/storm_merc_scbraxis_goliath_infested.m3	d905e64d1c4be7883f575daddab212ac	261696
mods/heroes.stormmod/base.stormassets/assets/units/mercs/storm_merc_scbraxis_goliath_infested_birth/storm_merc_scbraxis_goliath_infested_birth.m3	0d5fcadc26491f5535734719fea70783	673584
mods/heroes.stormmod/base.stormassets/assets/units/mercs/storm_merc_scbraxis_goliath_infested_death/storm_merc_scbraxis_goliath_infested_death.m3	918d284c834d597ad0e7f64ba84b7c7f	393056
mods/heroes.stormmod/base.stormassets/assets/units/mercs/storm_merc_scbraxis_guardian/storm_merc_scbraxis_guardian.m3	bc3576670a0300b6831b7f2b4bab828e	375168
mods/heroes.stormmod/base.stormassets/assets/units/mercs/storm_merc_scbraxis_guardian_death/storm_merc_scbraxis_guardian_death.m3	48456e481c1bcc1531fb755c0060ba31	546256
mods/heroes.stormmod/base.stormassets/assets/units/mercs/storm_merc_scbraxis_guardian_requiredanims/storm_merc_scbraxis_guardian_requiredanims.m3a	78938c35f4ce1c3fc1b046d43eed5921	205280
mods/heroes.stormmod/base.stormassets/assets/units/mercs/storm_merc_scbraxis_hydralisk/storm_merc_scbraxis_hydralisk.m3	a390060f2ef1b36a5d783c258bc7c9da	301920
mods/heroes.stormmod/base.stormassets/assets/units/mercs/storm_merc_scbraxis_hydralisk_death/storm_merc_scbraxis_hydralisk_death.m3	c3b9aee21df2afc28c7b759f8686bf8c	311200
mods/heroes.stormmod/base.stormassets/assets/units/mercs/storm_merc_scbraxis_hydralisk_requiredanims/storm_merc_scbraxis_hydralisk_requiredanims.m3a	e06f957f681978ff3f6c08f78a87cbc4	197664
mods/heroes.stormmod/base.stormassets/assets/units/mercs/storm_merc_scbraxis_raven/storm_merc_scbraxis_raven.m3	7251535a5c3de67f7835cd1ccfa1383c	120704
mods/heroes.stormmod/base.stormassets/assets/units/mercs/storm_merc_scbraxis_raven_birth/storm_merc_scbraxis_raven_birth.m3	9e5e1cba645e8b271a118a37fc5f1331	268240
mods/heroes.stormmod/base.stormassets/assets/units/mercs/storm_merc_scbraxis_raven_death/storm_merc_scbraxis_raven_death.m3	d216bf489ba53ae0e93a675c74078982	205664
mods/heroes.stormmod/base.stormassets/assets/units/mercs/storm_merc_scbraxis_raven_infested/storm_merc_scbraxis_raven_infested.m3	cd68b6a8efb2bdaff70fad4cf7aadf97	221776
mods/heroes.stormmod/base.stormassets/assets/units/mercs/storm_merc_scbraxis_raven_infested_birth/storm_merc_scbraxis_raven_infested_birth.m3	6f4465350a0c78ac10db6459412216df	595920
mods/heroes.stormmod/base.stormassets/assets/units/mercs/storm_merc_scbraxis_raven_infested_death/storm_merc_scbraxis_raven_infested_death.m3	51de846d5c67be102cb4ecd0cdb8d1bc	302816
mods/heroes.stormmod/base.stormassets/assets/units/mercs/storm_merc_scbraxis_raven_requiredanims/storm_merc_scbraxis_raven_requiredanims.m3a	fb0052ded1f8b3b74da486dcdb366cd4	81424
mods/heroes.stormmod/base.stormassets/assets/units/mercs/storm_merc_scbraxis_ultralisk/storm_merc_scbraxis_ultralisk.m3	e53956d2dff3e0804bc43e0cf5f6fc8d	354208
mods/heroes.stormmod/base.stormassets/assets/units/mercs/storm_merc_scbraxis_ultralisk_death/storm_merc_scbraxis_ultralisk_death.m3	8d32e3569739e68dac4470a4f0536c46	359344
mods/heroes.stormmod/base.stormassets/assets/units/mercs/storm_merc_scbraxis_ultralisk_requiredanims/storm_merc_scbraxis_ultralisk_requiredanims.m3a	77af95e49aa09360834e9b138486010d	540256
mods/heroes.stormmod/base.stormassets/assets/units/mercs/storm_merc_scbraxis_zergling/storm_merc_scbraxis_zergling.m3	7ad67312a5689c3c295ec80e37d54117	131168
mods/heroes.stormmod/base.stormassets/assets/units/mercs/storm_merc_scbraxis_zergling_death/storm_merc_scbraxis_zergling_death.m3	3e0877406173870681bcf11a628b7bd7	169648
mods/heroes.stormmod/base.stormassets/assets/units/mercs/storm_merc_scbraxis_zergling_requiredanims/storm_merc_scbraxis_zergling_requiredanims.m3a	9768d7cb047111dfbcf1f8a59e48c191	205968
mods/heroes.stormmod/base.stormassets/assets/units/mercs/storm_merc_sczion_baneling_death/storm_merc_sczion_baneling_death.m3	30d494267457eb6f464b4974b1492bc7	265920
mods/heroes.stormmod/base.stormassets/assets/units/mercs/storm_merc_sczion_boss/storm_merc_sczion_boss.m3	37ee3675f42fbf57faaafa4b8b973df4	702288
mods/heroes.stormmod/base.stormassets/assets/units/mercs/storm_merc_sczion_boss_birth/storm_merc_sczion_boss_birth.m3	c3efbbeb9717aa752db08223992a018b	696976
mods/heroes.stormmod/base.stormassets/assets/units/mercs/storm_merc_sczion_boss_death/storm_merc_sczion_boss_death.m3	af9432f05c42627aaba1f25424f88650	713840
mods/heroes.stormmod/base.stormassets/assets/units/mercs/storm_merc_sczion_boss_requiredanims/storm_merc_sczion_boss_requiredanims.m3a	9c1ae021f70eef5a5aacee4edf84b860	996576
mods/heroes.stormmod/base.stormassets/assets/units/mercs/storm_merc_sczion_bosslocust/storm_merc_sczion_bosslocust.m3	2efe26031cecc826a06b0545c7abe585	120464
mods/heroes.stormmod/base.stormassets/assets/units/mercs/storm_merc_sczion_bosslocust_birth/storm_merc_sczion_bosslocust_birth.m3	6bd12d2bea4e0a0febe143414f41243a	63888
mods/heroes.stormmod/base.stormassets/assets/units/mercs/storm_merc_sczion_bosslocust_projectile/storm_merc_sczion_bosslocust_projectile.m3	1c1084b9a15ede0c1ef9f219a1cacacc	181568
mods/heroes.stormmod/base.stormassets/assets/units/mercs/storm_merc_sczion_bosslocust_requiredanims/storm_merc_sczion_bosslocust_requiredanims.m3a	3337827014f78614d25b0464500cb4d4	147168
mods/heroes.stormmod/base.stormassets/assets/units/mercs/storm_merc_sczion_goliath/storm_merc_sczion_goliath.m3	b61de837ef480e36e92ad5b2def202d9	260864
mods/heroes.stormmod/base.stormassets/assets/units/mercs/storm_merc_sczion_goliath_birth/storm_merc_sczion_goliath_birth.m3	5640da4a4eda26945e4f37edbb46bf6f	624224
mods/heroes.stormmod/base.stormassets/assets/units/mercs/storm_merc_sczion_goliath_death/storm_merc_sczion_goliath_death.m3	7415046118f55d115b8428cbc0bd98b8	390896
mods/heroes.stormmod/base.stormassets/assets/units/mercs/storm_merc_sczion_hellbat/storm_merc_sczion_hellbat.m3	a277f58969c6b444c452d512f37425d0	436256
mods/heroes.stormmod/base.stormassets/assets/units/mercs/storm_merc_sczion_hellbat_birth/storm_merc_sczion_hellbat_birth.m3	538a29419200b583e256b19ebc1f8289	881008
mods/heroes.stormmod/base.stormassets/assets/units/mercs/storm_merc_sczion_hellbat_death/storm_merc_sczion_hellbat_death.m3	5d5ae755142613b9d01c8389446d303c	610112
mods/heroes.stormmod/base.stormassets/assets/units/mercs/storm_merc_sczion_raven/storm_merc_sczion_raven.m3	585b6d3af4cac6b214d3977ec2424992	160192
mods/heroes.stormmod/base.stormassets/assets/units/mercs/storm_merc_sczion_raven_birth/storm_merc_sczion_raven_birth.m3	2dc81db606da0d240d75d251824a838a	315840
mods/heroes.stormmod/base.stormassets/assets/units/mercs/storm_merc_sczion_raven_death/storm_merc_sczion_raven_death.m3	9d1c3b8024bb0323a15f306cf17c62c9	233392
mods/heroes.stormmod/base.stormassets/assets/units/mercs/storm_merc_snowbrawl_siegegiant/storm_merc_snowbrawl_siegegiant.m3	364d6963e9114c8ca5e4b62fb2823398	350128
mods/heroes.stormmod/base.stormassets/assets/units/mercs/storm_merc_snowbrawl_siegegiant_death/storm_merc_snowbrawl_siegegiant_death.m3	4933bae1c5e6dbed8158bdc7dea4f2bc	1042720
mods/heroes.stormmod/base.stormassets/assets/units/mercs/storm_merc_starcraft_archangel/storm_merc_starcraft_archangel.m3	1c2d6e6a20465dbb9e95c2596c32db12	939232
mods/heroes.stormmod/base.stormassets/assets/units/mercs/storm_merc_starcraft_archangel_death/storm_merc_starcraft_archangel_death.m3	9d422da7f2ec382feb22c31e8c5470b6	660208
mods/heroes.stormmod/base.stormassets/assets/units/mercs/storm_merc_starcraft_goliath/storm_merc_starcraft_goliath.m3	d6cb2c4bd7f49c9ed418861b80a39eca	249840
mods/heroes.stormmod/base.stormassets/assets/units/mercs/storm_merc_starcraft_goliath_requiredanims/storm_merc_starcraft_goliath_requiredanims.m3a	3757e2c4689aad6453b9611aa929f034	413968
mods/heroes.stormmod/base.stormassets/assets/units/mercs/storm_merc_starcraft_terranhellbat/storm_merc_starcraft_terranhellbat.m3	cfbfd3ebbd51fef5bf341b48847a2929	274848
mods/heroes.stormmod/base.stormassets/assets/units/mercs/storm_merc_starcraft_terranhellbat_birth/storm_merc_starcraft_terranhellbat_birth.m3	5bb52959dd44408fbf3ec37e81c9f173	692480
mods/heroes.stormmod/base.stormassets/assets/units/mercs/storm_merc_starcraft_terranhellbat_death/storm_merc_starcraft_terranhellbat_death.m3	45d378e1da230f7f93c5ef4f57533ce3	442080
mods/heroes.stormmod/base.stormassets/assets/units/mercs/storm_merc_starcraft_terranhellbat_infested/storm_merc_starcraft_terranhellbat_infested.m3	a4cab8ea7da5906e84e178efb635cbc5	287888
mods/heroes.stormmod/base.stormassets/assets/units/mercs/storm_merc_starcraft_terranhellbat_infested_birth/storm_merc_starcraft_terranhellbat_infested_birth.m3	2cb3c17da1c99964640f98a2de2444bd	720208
mods/heroes.stormmod/base.stormassets/assets/units/mercs/storm_merc_starcraft_terranhellbat_infested_death/storm_merc_starcraft_terranhellbat_infested_death.m3	fd759790a085f1a79e4f02d658cb438f	460608
mods/heroes.stormmod/base.stormassets/assets/units/mercs/storm_merc_starcraft_terranhellbat_requiredanims/storm_merc_starcraft_terranhellbat_requiredanims.m3a	bbc8e06f0f75e9240c8e6067af4b63d2	679104
mods/heroes.stormmod/base.stormassets/assets/units/mercs/storm_merc_wcav_alliance_general/storm_merc_wcav_alliance_general.m3	a6a16f704c18eac4d33f674a13ae7663	1988096
mods/heroes.stormmod/base.stormassets/assets/units/mercs/storm_merc_wcav_gnoll/storm_merc_wcav_gnoll.m3	330350674f97979214961fd760faed73	325584
mods/heroes.stormmod/base.stormassets/assets/units/mercs/storm_merc_wcav_gnoll_birth/storm_merc_wcav_gnoll_birth.m3	06e55a3366c9d36e9afdb5f7ff6e57cb	411776
mods/heroes.stormmod/base.stormassets/assets/units/mercs/storm_merc_wcav_gnoll_firecleave/storm_merc_wcav_gnoll_firecleave_00.m3	2f1a76624c733836c09f3b7c2592340c	57184
mods/heroes.stormmod/base.stormassets/assets/units/mercs/storm_merc_wcav_gnoll_firecleave/storm_merc_wcav_gnoll_firecleave_01.m3	1753168040d08fb79d1b764d4073cf17	57072
mods/heroes.stormmod/base.stormassets/assets/units/mercs/storm_merc_wcav_gnoll_requiredanims/storm_merc_wcav_gnoll_requiredanims.m3a	2e65f4a3d3f431d86ec3c7f22631ce84	1120576
mods/heroes.stormmod/base.stormassets/assets/units/mercs/storm_merc_wcav_horde_general/storm_merc_wcav_horde_general.m3	74f4a2c8f878eb437e43470dc22bc954	2221520
mods/heroes.stormmod/base.stormassets/assets/units/mercs/storm_merc_wcav_mountaingiant/storm_merc_wcav_mountaingiant.m3	99f4a7665e951f16942f7778440bae53	891632
mods/heroes.stormmod/base.stormassets/assets/units/mercs/storm_merc_wintercrest_boss/storm_merc_wintercrest_boss.m3	a546ccd6344deec72a02f6c5b34062b6	1976096
mods/heroes.stormmod/base.stormassets/assets/units/mercs/storm_merc_wintercrest_boss_birth/storm_merc_wintercrest_boss_birth.m3	0cf37e9ed39399ed6be5125958c7cf09	995216
mods/heroes.stormmod/base.stormassets/assets/units/mercs/storm_merc_wintercrest_boss_birth_special/storm_merc_wintercrest_boss_birth_special.m3	ed19c740538b7e7033d6d69e1d84457c	968768
mods/heroes.stormmod/base.stormassets/assets/units/mercs/storm_merc_wintercrest_boss_death/storm_merc_wintercrest_boss_death.m3	4cb08f3ba875fc5fcb05ffbf2804db17	900720
mods/heroes.stormmod/base.stormassets/assets/units/mercs/storm_merc_wintercrest_boss_head/storm_merc_wintercrest_boss_head.m3	31c5f1ddeb1e1ef84c0af4787ecba8dd	172320
mods/heroes.stormmod/base.stormassets/assets/units/mercs/storm_merc_wintercrest_sapper_base/storm_merc_wintercrest_sapper_base.m3	b927559ed3ff033440884d0e19641594	312080
mods/heroes.stormmod/base.stormassets/assets/units/mercs/storm_merc_wintercrest_sapper_death/storm_merc_wintercrest_sapper_death.m3	ebb925e0a73b7dc66c75a6bbaf69d112	833664
mods/heroes.stormmod/base.stormassets/assets/units/mercs/storm_merc_wintercrest_sapper_defused/storm_merc_wintercrest_sapper_defused.m3	4bab978a0d3d7152b65b4d9db793f001	358976
mods/heroes.stormmod/base.stormassets/assets/units/mercs/storm_merc_wintercrest_sapper_mortar/storm_merc_wintercrest_sapper_mortar.m3	719a0ee2479c398ca1b3d8d261cfa594	627952
mods/heroes.stormmod/base.stormassets/assets/units/mercs/storm_merc_wintercrest_sapper_requiredanims/storm_merc_wintercrest_sapper_requiredanims.m3a	05f12be9fab01e709b555ada514b98c9	1132336
